> /home/yiwuzhong/motifs/lib/fpn/proposal_assignments/rel_assignments.py(146)rel_assignments()
    145         # all_rels_i: [box1_inds, box2_inds, rel_type] without sorting
--> 146         all_rels_i = all_rels_i[np.lexsort((all_rels_i[:,1], all_rels_i[:,0]))]
    147 

ipdb> all_rels_i.shape
(64, 3)
ipdb> all_rels_i
array([[291, 308,   8],
       [259, 256,  30],
       [266, 308,  30],
       [308, 279,  20],
       [258, 256,  29],
       [311, 259,   0],
       [274, 291,   0],
       [267, 311,   0],
       [274, 259,   0],
       [274, 256,   0],
       [267, 276,   0],
       [262, 308,   0],
       [259, 273,   0],
       [311, 263,   0],
       [273, 266,   0],
       [276, 262,   0],
       [308, 291,   0],
       [279, 308,   0],
       [311, 267,   0],
       [256, 263,   0],
       [257, 274,   0],
       [263, 258,   0],
       [273, 257,   0],
       [273, 279,   0],
       [308, 311,   0],
       [262, 274,   0],
       [276, 267,   0],
       [279, 274,   0],
       [261, 273,   0],
       [279, 311,   0],
       [256, 258,   0],
       [266, 276,   0],
       [259, 274,   0],
       [262, 311,   0],
       [308, 273,   0],
       [308, 263,   0],
       [267, 273,   0],
       [258, 262,   0],
       [274, 267,   0],
       [274, 279,   0],
       [263, 274,   0],
       [258, 311,   0],
       [291, 259,   0],
       [276, 274,   0],
       [276, 308,   0],
       [267, 261,   0],
       [311, 273,   0],
       [273, 276,   0],
       [257, 273,   0],
       [273, 256,   0],
       [273, 274,   0],
       [258, 291,   0],
       [256, 266,   0],
       [279, 256,   0],
       [258, 259,   0],
       [273, 308,   0],
       [256, 291,   0],
       [262, 276,   0],
       [263, 311,   0],
       [273, 263,   0],
       [262, 279,   0],
       [256, 274,   0],
       [311, 261,   0],
       [311, 276,   0]])
ipdb> a[:20]
im_inds = 
 0
 0
 0
 0
 0
 0
